"Rank","Cites","Authors","Title","Year","Source","Publisher","DOI","Type","Abstract","ArticleURL","Kesesuaian","CitesPerYear","ISSN","Volume","Issue"
"1","153","Y. Ren","Barrier Membranes for Guided Bone Regeneration (GBR): A Focus on Recent Advances in Collagen Membranes","2022","International Journal of Molecular Sciences","","10.3390/ijms232314987","Review","","https://www.scopus.com/inward/record.uri?partnerID=HzOxMe3b&scp=85143696085&origin=inward","Parsial","38.25","1661-6596","23","23"
"2","52","C. Hwang","Tantalum-coated polylactic acid fibrous membranes for guided bone regeneration","2020","Materials Science and Engineering C","","10.1016/j.msec.2020.111112","Article","","https://www.scopus.com/inward/record.uri?partnerID=HzOxMe3b&scp=85085611330&origin=inward","Parsial","8.67","0928-4931","115",""
"3","28","H. Su","A comparison of two types of electrospun chitosan membranes and a collagen membrane in vivo","2021","Dental Materials","","10.1016/j.dental.2020.10.011","Article","","https://www.scopus.com/inward/record.uri?partnerID=HzOxMe3b&scp=85096169207&origin=inward","Parsial","5.60","0109-5641","37","1"
"4","27","K. Chen","Utilizing biodegradable alloys as guided bone regeneration (GBR) membrane: Feasibility and challenges","2022","Science China Materials","","10.1007/s40843-022-2118-3","Review","","https://www.scopus.com/inward/record.uri?partnerID=HzOxMe3b&scp=85135312090&origin=inward","Parsial","6.75","2095-8226","65","10"
"5","14","M. Toledano-Osorio","Doxycycline-doped collagen membranes accelerate in vitro osteoblast proliferation and differentiation","2023","Journal of Periodontal Research","","10.1111/jre.13091","Article","","https://www.scopus.com/inward/record.uri?partnerID=HzOxMe3b&scp=85145409199&origin=inward","Parsial","4.67","0022-3484","58","2"
"6","14","P. Pripatnanont","Physical and biological performances of a semi-resorbable barrier membrane based on silk fibroin-glycerol-fish collagen material for guided bone regeneration","2021","Journal of Biomaterials Applications","","10.1177/08853282211025781","Article","","https://www.scopus.com/inward/record.uri?partnerID=HzOxMe3b&scp=85108381120&origin=inward","Parsial","2.80","0885-3282","36","5"
"7","13","C.J.J.M.V.D. Ven","Sustained release of ancillary amounts of testosterone and alendronate from PLGA coated pericard membranes and implants to improve bone healing","2021","Plos One","","10.1371/journal.pone.0251864","Article","","https://www.scopus.com/inward/record.uri?partnerID=HzOxMe3b&scp=85106297586&origin=inward","Parsial","2.60","1932-6203","16","5"
"8","10","J. Dai","Interpenetrating nanofibrillar membrane of self-assembled collagen and antimicrobial peptides for enhanced bone regeneration","2024","International Journal of Biological Macromolecules","","10.1016/j.ijbiomac.2024.131480","Article","","https://www.scopus.com/inward/record.uri?partnerID=HzOxMe3b&scp=85190094658&origin=inward","Ya","5.00","0141-8130","267",""
"9","9","Z. Ma","Periosteum coverage versus collagen-membrane coverage in periodontally accelerated osteogenic orthodontics: a randomized controlled clinical trial in Class II and Class III malocclusions","2022","BMC Oral Health","","10.1186/s12903-022-02477-8","Article","","https://www.scopus.com/inward/record.uri?partnerID=HzOxMe3b&scp=85139384827&origin=inward","Parsial","2.25","1472-6831","22","1"
"10","6","D. de Melo Pereira","Cobalt-containing calcium phosphate induces resorption of biomineralized collagen by human osteoclasts","2021","Biomaterials Research","","10.1186/s40824-021-00209-7","Article","","https://www.scopus.com/inward/record.uri?partnerID=HzOxMe3b&scp=85103177212&origin=inward","Parsial","1.20","2055-7124","25","1"
"11","2","C.R. Adami","3D-printed resins used in occlusal splints modified with graphene nanoplatelets","2025","Discover Materials","","10.1007/s43939-025-00217-7","Article","","https://www.scopus.com/inward/record.uri?partnerID=HzOxMe3b&scp=85219666379&origin=inward","Parsial","2.00","2730-7727","5","1"
"12","1","C. Vallecillo","In Vitro Degradation of Collagen-Based Membranes for Guided Bone Regeneration After Zn-Ions or Doxycycline Functionalization","2024","Polymers","","10.3390/polym16223109","Article","","https://www.scopus.com/inward/record.uri?partnerID=HzOxMe3b&scp=85210261006&origin=inward","Ya","0.50","2073-4360","16","22"
"13","1","B. Shakibaie","Modified 3-Dimensional Alveolar Ridge Augmentation in the Anterior Maxilla: A Prospective Clinical Feasibility Study","2023","Journal of Oral Implantology","","10.1563/aaid-joi-D-23-00034","Article","","https://www.scopus.com/inward/record.uri?partnerID=HzOxMe3b&scp=85185129693&origin=inward","Parsial","0.33","0160-6972","49","5"
"14","0","Cristian Balducci, Paola Brun, Chiara Giulia Fontanella, Andrea Vogliardi, Francesco Lanero, Chiara Maria Morini, Monica Dettin, Annj Zamuner","Optimizing non-crosslinked type I collagen barrier membranes for guided bone regeneration: a comparative study of a BMP-2 derived peptide adsorption and covalent grafting","2026","Biomedical materials (Bristol, England)","","10.1088/1748-605X/ae3af3","Journal Article","Oral diseases like periodontitis and tooth loss affect billions worldwide, causing alveolar bone resorption and complicating implant placement and bone regeneration. Guided Bone Regeneration (GBR) addresses these defects using barrier membranes that block soft tissue infiltration and promote bone growth. CollaTape®, a type I bovine collagen membrane, is widely used for its biocompatibility and resorbability, though its bioactivity and antibacterial properties could be improved. This study compares two functionalization methods for enhancing CollaTape® membranes: adsorption of GBMP1α peptide (a BMP-2 biomimetic) and covalent anchoring of its analogue Aoa-GBMP1α. Both functionalizations were performed at concentrations of 0.25, 0.5, 1, and 1.5 mg/mL. Optimal conditions were selected basing on osteoblast mineralization assays and resulted to be 0.25 mg/mL for adsorption and 1.5 mg/mL for covalent binding. Peptide surface density analysis revealed values of 0.040 μmol/cm² for adsorption and 0.278 μmol/cm² for covalent anchoring. Biological assays assessed mineralization, proliferation, and gene expression (SPP1, RUNX2) in human osteoblasts, and antibacterial activity against S. aureus and E. coli. All functionalized membranes improved osteoblast activity, with adsorption showing superior results. Antibacterial tests showed slight but significant reductions in bacterial colonies, especially for adsorption. Additional mechanical tests via unconfined compression were performed to evaluate the effect of functionalization on the membranes' mechanical properties. These tests confirmed that neither functionalization method compromised the stiffness of the membrane, a critical parameter in clinical applications. Overall, peptide adsorption is a simple and clinically adaptable strategy to enhance CollaTape®'s bioactivity and antibacterial properties while maintaining their original mechanical properties.&#xD.","","Ya","0.00","1748-605X","",""
"15","0","Hazem Redwan, Munir Harfouch, Abdulkarim Sheikh Ibrahim, Ali Silan, Issam Alkhouri","Case Report: A new modification of Loma Linda pouch technique","2025","F1000Research","","10.12688/f1000research.160451.3","Case Reports","Dental implants provide a reliable treatment option for completely or partially edentulous patients. In case of a membrane perforation, the gap can be closed using a piece of resorbable collagen membrane or by suturing the Schneiderian membrane using a resorbable suture. The present study shows a new development in this technique, which involves modifying the design of the absorbable membrane and using pins to fix the membrane. This study concluded that the novel design of the collagen membrane and its fixation with the pins led to greater stability of the bone graft and led to subsequent bone gain that enables dental implantation. Still, this technique requires a histological study to determine the nature of the bone formed.","","Ya","0.00","2046-1402","14",""
"16","0","Michele Bujda, Tomáš Suchý, Vít Herynek, Jaroslava Dušková, Margit Žaloudková, Luděk Šefc, Karel Klíma, Robert Plachý, René Foltán","In Vivo Degradation and Local Tissue Response of Experimental Carp Collagen Membranes: Micro-MRI and Histological Analysis","2025","Biopolymers","","10.1002/bip.70045","Journal Article","Collagen membranes are widely used in tissue and bone engineering, including guided bone regeneration (GBR). For effective and uninterrupted bone healing, a GBR membrane must maintain its functionality for an initial critical period of 4 weeks. A novel carp collagen sponge has already shown promise as a wound coating and vascular graft coating, making it a candidate for GBR applications as well. To enhance the mechanical properties and longevity of GBR membranes, we modified the basic carp collagen membrane with combinations of l-lactide, ε-caprolactone, d,l-lactide, and glycolide in various molar ratios. While traditional methods rely on histological evaluation to assess the degradation pattern and therefore suitability of GBR membranes ex vivo, this study employed micro-MRI as an innovative, noninvasive approach to monitor the in vivo degradation of carp collagen membrane and its polymer-modified variants. Our findings demonstrated that micro-MRI is a reliable and effective method for visualizing collagen membrane degradation in vivo, up to scaffold disintegration. Among the variants tested, collagen GBR membrane coated with d,l-lactide and glycolide in a 50:50 M ratio emerged as the most suitable for GBR purposes. However, since this study was conducted in the subcutaneous tissue of a rat model, further research is required to determine the behavior of carp collagen GBR membrane variants on bony surfaces.","","Ya","0.00","1097-0282","116","5"
"17","0","Daniel Diehl, Vincent Kabst, Tim Bürgel, Thomas Dittmar, Hagen S Bachmann, Anton Pembaur, Anton Friedmann","Hyaluronic acid promotes biomineralization of osteoblast-like cells - observations on two different barrier membranes","2025","International journal of implant dentistry","","10.1186/s40729-025-00646-2","Journal Article","Guided bone regeneration (GBR) relies on biocompatible membranes to support osteogenesis. 1,4-butanediol diglycidyl ether (BDDE)-crosslinked hyaluronic acid (xHyA) has shown promise in enhancing bone regeneration, yet its mechanisms remain unclear. This study evaluates the osteogenic effects of xHyA-functionalized native pericardium collagen membrane (NPCM) and ribose-crosslinked collagen membrane (RCCM) using an airlift culture model with SaOS-2 cells. Transcriptomic changes following xHyA treatment were also investigated. SaOS-2 cells were cultured on NPCM and RCCM, with or without xHyA functionalization. Cytocompatibility, alkaline phosphatase (ALP) activity, mineralization (Von Kossa staining), and RNA sequencing were assessed. Differential gene expression and pathway enrichment analyses were conducted on cells exposed to two xHyA concentrations. Both membrane types supported cell viability, though NPCM allowed cellular infiltration while RCCM maintained barrier integrity. xHyA significantly enhanced ALP activity and mineral deposition across both substrates. RNA sequencing revealed minimal upregulation of classical osteogenic genes but identified differential expression in pathways related to focal adhesion, VEGF signaling, and stem cell differentiation. IGF1R, FYN, and MAPK14 were consistently upregulated regardless of xHyA concentration. xHyA functionalization enhances osteogenic activity, evidenced by increased ALP and mineralization, likely via modulation of cell-matrix interactions rather than classical osteogenic gene activation. These findings support using xHyA-functionalized membranes in GBR and warrant further investigation in vivo.","","Ya","0.00","2198-4034","11","1"
"18","0","Francesco Tironi, Stavros Sofos, Jason Wong, Megan Leyva, Gisella Contasti, Myron Nevins, Saynur Vardar-Sengul","Periodontal phenotype modification in surgically facilitated orthodontics: A case report","2025","Clinical advances in periodontics","","10.1002/cap.10321","Case Reports","Orthodontic treatment in adults with thin periodontal phenotype presents challenges such as lengthy treatment time and increased risk for gingival recessions. In this case, surgically facilitated orthodontic treatment (SFOT) was proposed to accelerate orthodontic tooth movement while modifying the periodontal phenotype. An orthodontic patient was referred for periodontal evaluation of lower anterior teeth, which presented a thin gingival phenotype and bone dehiscence. SFOT was performed on the mandible using particulate allograft combined with platelet rich fibrin (PRF) and collagen membrane to augment soft and hard tissue, thereby preventing future recessions, while accelerating the treatment times. Six-month and 3-year follow-ups confirmed radiographic bone fill, absence of gingival recession and thick band of keratinized gingiva. SFOT also resulted in a shorter treatment time where desired tooth movements were achieved within 6 months with periodontal stability. SFOT provided clinical benefits by accelerating orthodontic movement, improving periodontal phenotype, preventing the displacement of teeth beyond the alveolar housing and minimizing the risk for development of dehiscences and gingival recessions. Orthodontic movements can create recessions and dehiscence in thin periodontal phenotypes. SFOT can help prevent bone dehiscence and creates a thicker gingival phenotype while accelerating treatment time. Adults who face lengthy orthodontic treatments and have thin gums have risks of gum problems. Surgically facilitated orthodontic treatment (SFOT) can help by speeding up tooth movements and improving gum health and thickness. A patient with thin gums and lack of bone in the lower front teeth was evaluated. The SFOT procedure involved using a bone graft, healing factors, and a collagen membrane to strengthen the gums and bones. This approach aimed to prevent future gum problems and speed up orthodontic treatment. Follow-ups at 6 months and 3 years after treatment showed good healing of the gums and bones, with no signs of gum recession and healthier, thicker gums. The desired tooth movements were achieved within 6 months, resulting in a shorter treatment time. The patient's gums remained stable throughout this period. SFOT offered significant clinical benefits, including faster tooth movement and improved gum health. It also helped prevent teeth from moving out of place and minimized the risk of gum recession and bone issues. This approach can be a valuable option for adults with thin gums undergoing orthodontic treatment.","","Ya","0.00","2163-0097","15","4"
"19","0","Su-Young Kim, Ji-Hyeon Oh, Min-Ho Hong, Joon Ha Lee, You-Young Jo, Seong-Gon Kim","L-Serine-Incorporated Collagen Scaffolds for Modulating In Vivo Degradation Behavior","2025","Journal of functional biomaterials","","10.3390/jfb16120466","Journal Article","Collagen-based biomaterials are widely used, but their relatively rapid biodegradation can limit functional duration. Such collagen constructs are widely used as barrier membranes in guided tissue and bone regeneration, where controlled degradation is essential for maintaining function. Although conventional crosslinking methods extend stability, they may introduce cytotoxicity, alter mechanical behavior, or hinder tissue integration. This study evaluated whether incorporating L-serine, a polar amino acid capable of hydrogen bonding, could modulate collagen structure and slow degradation without chemical crosslinking. L-Serine was selected because its hydroxyl-containing side chain can engage in biocompatible, hydrogen-bond-mediated interactions that offer a mild, non-crosslinking means of stabilizing collagen. Collagen scaffolds, prepared by incorporating L-serine into a collagen hydrogel followed by drying, were produced with 0-40 wt% L-serine and characterized using X-ray diffraction, Fourier-transform infrared spectroscopy, circular dichroism, and scanning electron microscopy. In vivo degradation was assessed in a subcutaneous mouse model comparing unmodified collagen, collagen containing 40 wt% L-serine, and a commercially available bilayer porcine collagen membrane (Bio-Gide®, composed of type I and III collagen), with residual area quantified by serial sonography and histological evaluation. Low-to-moderate L-serine incorporation preserved triple-helical features, while 40 wt% led to crystalline domain formation and β-sheet enrichment. L-serine-treated collagen exhibited significantly greater residual area (2.70 ± 1.45 mm2) than unmodified collagen (0.37 ± 0.22 mm2, p < 0.05), although Bio-Gide® remained the most persistent (5.64 ± 2.76 mm2). These findings demonstrate that L-serine incorporation can modulate collagen structure and degradation kinetics through a simple, aqueous, and non-crosslinking approach. The results provide preliminary feasibility data supporting amino acid-assisted tuning of collagen resorption properties and justify further evaluation using membrane-specific fabrication and application-relevant testing.","","Ya","0.00","2079-4983","16","12"
"20","0","Shih-Cheng Wen, Muhammad Saleh, Abdusalam Alrmali, David T Wu, Hom-Lay Wang","Utilizing Individualized Titanium Frames for Protected Alveolar Bone Augmentation: A Feasibility Case Series","2024","The International journal of periodontics & restorative dentistry","","10.11607/prd.6568","Journal Article","Despite the various treatments proposed with barrier membranes, one of the main challenges for guided bone regeneration (GBR) is maintaining space for large defects and ensuring an adequate blood supply. The presented feasibility case series aims to introduce an original titanium frame (TF) design, customized for each defect, as a modification of well-known principles and materials for GBR to achieve an enhanced and more predictable horizontal and vertical bone augmentation. Three patients with significant horizontal defects were treated with pre-trimmed TFs to create needed space, and then a 50/50 mixture of autograft and bovine xenograft was placed and covered with a collagen membrane. After 8 months of healing, the sites were reopened, and the titanium screws were removed with the frame. An average of 8.0 ± 1.0 mm of horizontal and 3.0 ± 0.0 mm of vertical bone gain were achieved at the time of reentry and implant placement surgery. Bone core biopsy sample was obtained during the implant placement. Histomorphometric analysis revealed that 42.8% of the sample was new vital bone, 18.8% was residual bone graft particles, and 38.4% was bone marrow-like structures. After 3 to 4 months from implant placement, the implants were restored with provisional crowns and then finalized with zirconia screw-retained crowns. This case series suggests that GBR utilizing TFs with or without collagen membranes can be considered a suitable approach for horizontal and vertical bone augmentation. However, based on only three reported cases, the results should be carefully interpreted.","","Ya","0.00","1945-3388","44","3"
"21","0","Z. Sadat-Marashi","Higher solubility and lower onset temperature of protein denaturation increase the osteoconductive capacity of collagen membranes: A preclinical in vivo study","2024","Clinical Oral Implants Research","","10.1111/clr.14345","Article","","https://www.scopus.com/inward/record.uri?partnerID=HzOxMe3b&scp=85201668794&origin=inward","Parsial","0.00","0905-7161","35","12"
"22","0","Sotoudeh Davaie, Tabassom Hooshmand, Farhood Najafi, Masoumeh Haghbin Nazarpak, Maryam Pirmoradian","Synthesis, Characterization, and Induced Osteogenic Differentiation Effect of Collagen Membranes Functionalized by Polydopamine/Graphene Oxide for Bone Tissue Engineering","2023","ACS applied bio materials","","10.1021/acsabm.3c00400","Journal Article","Collagen is one of the most common natural absorbable polymers, which is widely used as a barrier membrane in biomedical fields due to its many desirable biological properties. However, absorbable membranes such as collagen have their own disadvantages such as unpredictable degradation rates, poor rigidity leading to tissue collapse, and limited osteogenic properties and cell adhesion. In this study, a modified collagen membrane with a polydopamine-graphene oxide (PDA/GO) complex was synthesized to improve the characteristics of collagen for bone tissue engineering. The successful synthesis of PDA/GO on collagen membranes was verified using X-ray photoelectron spectroscopy (XPS) and attenuated total reflectance-Fourier transform infrared spectroscopy (ATR-FTIR). The wettability of PDA/GO-modified collagen membranes was considerably improved based on the characterization by water contact angle compared to the uncoated membranes and surface coatings solely by either PDA or GO. The modified PDA/GO coating also enhanced the mechanical properties such as tensile strength and biodegradation rate of collagen membranes. In addition, the PDA/GO coating effectively enhanced the biocompatibility of collagen membranes as verified by the enhanced proliferation and adhesion of human bone marrow stem cells (hBMSCs). Additionally, the effects of PDA/GO coating on the osteogenic differentiation of hBMSCs on collagen membranes were investigated through alkaline phosphatase (ALP) activity and reverse transcription-quantitative polymerase chain reaction (RT-qPCR). The PDA/GO coating on collagen membranes resulted in a significant increase in osteogenic properties compared with the uncoated collagen membranes. According to the results of the current study, the combination of PDA and GO-modified collagen membranes could be used for bone tissue engineering and biomedical applications.","","Ya","0.00","2576-6422","6","11"
"23","0","Soumya Saha, Raphael Cavalcante Costa, Mirela Caroline Silva, João Matheus Fonseca-Santos, Lin Chen, Abhijit H Phakatkar, Harshdeep Bhatia, Leonardo P Faverani, Valentim A R Barão, Tolou Shokuhfar, Cortino Sukotjo, Christos Takoudis","Collagen membrane functionalized with magnesium oxide via room-temperature atomic layer deposition promotes osteopromotive and antimicrobial properties","2023","Bioactive materials","","10.1016/j.bioactmat.2023.07.013","Journal Article","Artificial bone grafting materials such as collagen are gaining interest due to the ease of production and implantation. However, collagen must be supplemented with additional coating materials for improved osteointegration. Here, we report room-temperature atomic layer deposition (ALD) of MgO, a novel method to coat collagen membranes with MgO. Characterization techniques such as X-ray photoelectron spectroscopy, Raman spectroscopy, and electron beam dispersion mapping confirm the chemical nature of the film. Scanning electron and atomic force microscopies show the surface topography and morphology of the collagen fibers were not altered during the ALD of MgO. Slow release of magnesium ions promotes bone growth, and we show the deposited MgO film leaches trace amounts of Mg when incubated in phosphate-buffered saline at 37 °C. The coated collagen membrane had a superhydrophilic surface immediately after the deposition of MgO. The film was not toxic to human cells and demonstrated antibacterial properties against bacterial biofilms. Furthermore, in vivo studies performed on calvaria rats showed MgO-coated membranes (200 and 500 ALD) elicit a higher inflammatory response, leading to an increase in angiogenesis and a greater bone formation, mainly for Col-MgO500, compared to uncoated collagen. Based on the characterization of the MgO film and in vitro and in vivo data, the MgO-coated collagen membranes are excellent candidates for guided bone regeneration.","","Ya","0.00","2452-199X","30",""
"24","0","Leonardo P Faverani, Sarah Hashemi Astaneh, Monique Gonçalves da Costa, Leonardo A Delanora, Tiburtino J Lima-Neto, Stéfany Barbosa, Maretaningtias Dwi Ariani, Christos Takoudis, Cortino Sukotjo","Collagen Membranes Functionalized with 150 Cycles of Atomic Layer Deposited Titania Improve Osteopromotive Property in Critical-Size Defects Created on Rat Calvaria","2023","Journal of functional biomaterials","","10.3390/jfb14030120","Journal Article","The membranes used in bone reconstructions have been the object of investigation in the field of tissue engineering, seeking to improve their mechanical strength and add other properties, mainly the osteopromotive. This study aimed to evaluate the functionalization of collagen membranes, with atomic layer deposition of TiO2 on the bone repair of critical defects in rat calvaria and subcutaneous biocompatibility. A total of 39 male rats were randomized into four groups: blood clot (BC), collagen membrane (COL), COL 150-150 cycles of titania, and COL 600-600 cycles of titania. The defects were created in each calvaria (5 mm in diameter) and covered according to each group; the animals were euthanized at 7, 14, and 28 days. The collected samples were assessed by histometric (newly bone formed, soft tissue area, membrane area, and residual linear defect) and histologic (inflammatory cells and blood cells count) analysis. All data were subjected to statistical analysis (p < 0.05). The COL150 group showed statistically significant differences compared to the other groups, mainly in the analysis of residual linear defects (1.5 ± 0.5 × 106 pixels/µm2 for COL 150, and around 1 ± 0.5 × 106 pixels/µm2 for the other groups) and newly formed bone (1500 ± 1200 pixels/µm for COL 150, and around 4000 pixels/µm for the others) (p < 0.05), demonstrating a better biological behavior in the chronology of defects repair. It is concluded that the collagen membrane functionalized by TiO2 over 150 cycles showed better bioactive potential in treating critical size defects in the rats' calvaria.","","Ya","0.00","2079-4983","14","3"
"25","0","Hamid Jafarzadeh, Siavash Moushekhian, Narges Ghazi, Majdoddin Vahidi, Ali Bagherpour, Reyhaneh Shafieian, Shahin Moeini, Ali Kazemian, Amir Azarpazhooh, Anil Kishen","Bone Regeneration Effect of Nanochitosan with or without Temporally Controlled Release of Dexamethasone","2023","Journal of endodontics","","10.1016/j.joen.2023.03.001","Journal Article","Chitosan is a cationic biopolymer, and its modification as a nanoparticle as well as loading a corticosteroid on it may enhance its bone regenerative effect. The aim of this study was to investigate the bone regenerative effect of nanochitosan with or without dexamethasone. Under general anesthesia, 4 cavities were created in the calvarium of 18 rabbits and filled with nanochitosan, nanochitosan with a temporally controlled release of dexamethasone (nanochitosan + dexamethasone), an autograft, or left unfilled (control). The defects were then covered with a collagen membrane. The rabbits were randomly divided into 2 groups and were sacrificed at 6 or 12 weeks after surgery. The new bone type, osteogenesis pattern, foreign body reaction, and the type and severity of the inflammatory response were evaluated histologically. The amount of new bone was determined using histomorphometry and cone-beam computed tomographic imaging. One-way analysis of variance with repeated measures was performed to compare results between the groups at each interval. A t test and chi-square test were also conducted to analyze changes in variables between the 2 intervals. Nanochitosan and the combination of nanochitosan and dexamethasone significantly increased the combination of woven and lamellar bone (P = .007). No sample showed a foreign body reaction or any acute or severe inflammation. Chronic inflammation was significantly decreased in number (P = .002) and severity (P = .003) over time. There was no significant difference between the extent and pattern of osteogenesis among the 4 groups, as evaluated by histomorphometry and cone-beam computed tomographic imaging at each interval. Nanochitosan and nanochitosan + dexamethasone were comparable with the gold standard of autograft regarding the type and severity of inflammation as well as the level and pattern of osteogenesis; yet, they induced more woven and lamellar bone.","","Ya","0.00","1878-3554","49","5"
"26","0","A.Q. Gu","Application and modification of collagen membrane in guided bone regeneration techniques","2023","China Journal of Oral and Maxillofacial Surgery","","10.19438/j.cjoms.2023.06.014","Article","","https://www.scopus.com/inward/record.uri?partnerID=HzOxMe3b&scp=85210924777&origin=inward","Ya","0.00","1672-3244","21","6"
"27","0","Nikola Saulacic, Masako Fujioka-Kobayashi, Yasushi Kimura, Ava Insa Bracher, Claudio Zihlmann, Niklaus P Lang","The effect of synthetic bone graft substitutes on bone formation in rabbit calvarial defects","2021","Journal of materials science. Materials in medicine","","10.1007/s10856-020-06483-6","Journal Article","The aim of this study was to evaluate the influence of the intensity of the biomimetic hydroxyapatite (HA) coating of α-tricalcium phosphate (α-TCP) on biomaterial degradation and bone formation. Twenty-four female NZW rabbits of approximately 12 weeks of age were used. Critical size defects were randomly treated with 3%:97% HA:α-TCP (BBCP1), 12%:88% HA:α-TCP (BBCP2), and 23%:77% HA:α-TCP (BBCP3), respectively or sham. All defects were covered with a resorbable collagen membrane. Animals were euthanized after 3 and 12 weeks of healing and samples were investigated by micro-CT and histologic analysis. Ingrowth of newly formed woven bone from the original bone at 3-week healing period was observed in all samples. At the 12-week healing period, the new bone in the peripheral area was mainly lamellar and in the central region composed of both woven and lamellar bone. New bony tissue was found on the surface of all three types of granules and at the interior of the BBCP1 granules. Samples with 3% HA showed significantly less residual biomaterial in comparison to the other two groups. Furthermore, BBCP1 significantly promoted new bone area as compared to other three groups and more bone volume as compared to the control. Within its limitations, this study indicated the highest degradation rate in case of BBCP1 concomitant with the highest rate of bone formation. Hence, formation of new bone can be affected by the level of biomimetic HA coating of α-TCP.","","Ya","0.00","1573-4838","32","1"
"28","0","R Bettach, F Goker, S Khijmatgar, G Boukhris, S Taschieri, L Francetti, C Corradini, M Parrini, M Del Fabbro","Delayed post-extraction implants placed using a modified Summers technique: Preliminary results of a single cohort study","2021","Journal of biological regulators and homeostatic agents","","10.23812/21-2supp1-11","Case Reports","The aim of this retrospective case series was to evaluate the clinical and radiographic outcomes of the patients that underwent implant surgery with a modification of the sinus lift summers protocol. Forty healthy patients in need for oral rehabilitation with dental implants were included in this study. Inclusion criterion was the need for extraction of one compromised tooth due to persistent abscess/ periodontitis/cyst in the atrophic posterior maxilla region. The treatment consisted of two stage surgery for all patients. In the first stage, after tooth extraction, the sockets were preserved with allogenic bone graft and equine collagen membrane. After 4-5 months, 40 implants with a sandblasted surface, were inserted with osseodensification technique and a modification of the Summers sinus lift protocol for fracturing the sinus floor. The implant survival rate was the primary outcome. Intra- and postoperative complications were additional criteria for success. The mean follow-up from implant surgery was 28.0±7.3 (standard deviation) months (range 17.8-43.4 months). One implant was lost before the delivery of the prosthesis. The overall implant survival rate was 97.5%. The overall mean peri-implant marginal bone level change after 6 and 12 months of function was, respectively, 0.26±0.24 mm (95% CI: 0.19, 0.34 mm) and 0.71±0.36 mm (95% CI: 0.60, 0.82 mm). Marginal bone loss was statistically significant at both time frames respect to implant placement, and also the difference between 6 and 12 months was significant (p<0.001 in both cases). No biological nor mechanical complications were recorded throughout the observation period. As a conclusion, the technique presented in this cohort study can be an effective and safe alternative to standard maxillary sinus floor augmentation procedures and immediate implant insertion protocol, especially in cases of periodontitis and infected sites, which can represent a high risk for implant failure in patients with atrophic posterior maxilla.","","Ya","0.00","0393-974X","35","2"
"29","0","Xuzheng Liu, Wanli Chen, Bo Shao, Xinchi Zhang, Yinggang Wang, Siqian Zhang, Wei Wu","Mussel patterned with 4D biodegrading elastomer durably recruits regenerative macrophages to promote regeneration of craniofacial bone","2021","Biomaterials","","10.1016/j.biomaterials.2021.120998","Journal Article","Crosstalk between bone marrow mesenchymal stem cells (BMSCs) and macrophages plays vital role in bone healing. By investigating the mechanism of collagen membrane-guided bone regeneration, we found compact structure and rapid membrane degradation compromised the duration of M2 macrophages influx, which restricts the recruitment of BMSCs that is essential for bone healing. To tackle this issue, a biodegrading elastomeric compound consisting of poly(glycerol sebacate) (PGS) and polycaprolactone (PCL) was fabricated into hierarchically porous membrane. The rational design of 3D microstructure enabled sufficient polydopamine (PDA) coating. Without any addition of growth factors, the 3D-patterned PDA membrane enables early and durable influx of M2 macrophages, which in turn promotes BMSCs recruitment and osteogenic differentiation. Furthermore, 4D-morphing of the membrane fully regenerates the dome shaped calvarial bone as well as arc-shape bone in peri-implant alveolar defect without filling xenogenous substitute. This study revealed the superiority of 3D printed microstructures in immunomodulatory materials. The availability of 4D-morphing for PGS/PCL construct expanded their advantages in reconstructing craniofacial bone.","","Ya","0.00","1878-5905","276",""
"30","0","Inpyo Hong, Alharthi Waleed Khalid, Hyung-Chul Pae, Jae-Kook Cha, Jung-Seok Lee, Jeong-Won Paik, Ui-Won Jung, Seong-Ho Choi","Distinctive bone regeneration of calvarial defects using biphasic calcium phosphate supplemented ultraviolet-crosslinked collagen membrane","2020","Journal of periodontal & implant science","","10.5051/jpis.2020.50.1.14","Journal Article","To overcome several drawbacks of chemically-crosslinked collagen membranes, modification processes such as ultraviolet (UV) crosslinking and the addition of biphasic calcium phosphate (BCP) to collagen membranes have been introduced. This study evaluated the efficacy and biocompatibility of BCP-supplemented UV-crosslinked collagen membrane for guided bone regeneration (GBR) in a rabbit calvarial model. Four circular bone defects (diameter, 8 mm) were created in the calvarium of 10 rabbits. Each defect was randomly allocated to one of the following groups: 1) the sham control group (spontaneous healing); 2) the M group (defect coverage with a BCP-supplemented UV-crosslinked collagen membrane and no graft material); 3) the BG (defects filled with BCP particles without membrane coverage); and 4) the BG+M group (defects filled with BCP particles and covered with a BCP-supplemented UV-crosslinked collagen membrane in a conventional GBR procedure). At 2 and 8 weeks, rabbits were sacrificed, and experimental defects were investigated histologically and by micro-computed tomography (micro-CT). In both micro-CT and histometric analyses, the BG and BG+M groups at both 2 and 8 weeks showed significantly higher new bone formation than the control group. On micro-CT, the new bone volume of the BG+M group (48.39±5.47 mm3) was larger than that of the BG group (38.71±2.24 mm3, P=0.032) at 8 weeks. Histologically, greater new bone area was observed in the BG+M group than in the BG or M groups. BCP-supplemented UV-crosslinked collagen membrane did not cause an abnormal cellular reaction and was stable until 8 weeks. Enhanced new bone formation in GBR can be achieved by simultaneously using bone graft material and a BCP-supplemented UV-crosslinked collagen membrane, which showed high biocompatibility and resistance to degradation, making it a biocompatible alternative to chemically-crosslinked collagen membranes.","","Ya","0.00","2093-2278","50","1"
"31","0","Larissa Steigmann, Ole Jung, Wolfgang Kieferle, Sanja Stojanovic, Annica Proehl, Oliver Görke, Steffen Emmert, Stevo Najman, Mike Barbeck, Daniel Rothamel","Biocompatibility and Immune Response of a Newly Developed Volume-Stable Magnesium-Based Barrier Membrane in Combination with a PVD Coating for Guided Bone Regeneration (GBR)","2020","Biomedicines","","10.3390/biomedicines8120636","Journal Article","To date, there are no bioresorbable alternatives to non-resorbable and volume-stable membranes in the field of dentistry for guided bone or tissue regeneration (GBR/GTR). Even magnesium (Mg) has been shown to constitute a favorable biomaterial for the development of stabilizing structures. However, it has been described that it is necessary to prevent premature degradation to ensure both the functionality and the biocompatibility of such Mg implants. Different coating strategies have already been developed, but most of them did not provide the desired functionality. The present study analyses a new approach based on ion implantation (II) with PVD coating for the passivation of a newly developed Mg membrane for GBR/GTR procedures. To demonstrate comprehensive biocompatibility and successful passivation of the Mg membranes, untreated Mg (MG) and coated Mg (MG-Co) were investigated in vitro and in vivo. Thereby a collagen membrane with an already shown biocompatibility was used as control material. All investigations were performed according to EN ISO 10993 regulations. The in vitro results showed that both the untreated and PVD-coated membranes were not cytocompatible. However, both membrane types fulfilled the requirements for in vivo biocompatibility. Interestingly, the PVD coating did not have an influence on the gas cavity formation compared to the uncoated membrane, but it induced lower numbers of anti-inflammatory macrophages in comparison to the pure Mg membrane and the collagen membrane. In contrast, the pure Mg membrane provoked an immune response that was fully comparable to the collagen membrane. Altogether, this study shows that pure magnesium membranes represent a promising alternative compared to the nonresorbable volume-stable materials for GBR/GTR therapy.","","Ya","0.00","2227-9059","8","12"
"32","0","Michael Dau, Lisann Volprich, Eberhard Grambow, Brigitte Vollmar, Bernhard Frerich, Bilal Al-Nawas, Peer W Kämmerer","Collagen membranes of dermal and pericardial origin-In vivo evolvement of vascularization over time","2020","Journal of biomedical materials research. Part A","","10.1002/jbm.a.36989","Journal Article","Aim of the study was to compare the evolvement of vascularization over time of collagen membranes (CMs) of dermal and pericardial origin in an in vivo animal study. Twenty-eight mice underwent implantation of three commercially available CM derived from porcine dermis (homogenous structure: CM1 (Control 1) and bilayer structure: CM2 [Control 2]), from porcine pericardium (CM3; Test 1) as well as CM3 sprayed with silica-enhanced nanostructured hydroxyapatite (CM4, Test 2). After 3, 6, 9, and 12 days, intravital fluorescence microscopy was conducted for determination of capillary diameter, density, flow, and length. At Day 12, samples were examined immunohistologically for expression of fibroblast growth factor receptor 4 (FGFR4), CD11b, CD68, αSMA, and CD34. In all CM, intravital fluorescence microscopy over time showed increasing values for all parameters with the highest levels in CM4 and the lowest values in CM1. Significant lower amounts of FGFR4, CD11b, and CD68 were detected in CM4 when compared to CM2 (p < .05). In contrast to CM3, lower values of αSMA and higher numbers of CD34 positive-marked vessels were observed in CM4 (p < .05). In conclusion, dermal bilayer as well as pericardial CM seem to have a higher vascularization rate than dermal homogenous CM. Additional coating of pericardial CM with a silica-enhanced hydroxyapatite increases the speed of vascularization as well as biological remodeling processes.","","Ya","0.00","1552-4965","108","12"
"33","0","Tobias Moest, Karl Andreas Schlegel, Marco Kesting, Matthias Fenner, Rainer Lutz, Daniele Machado Beck, Emeka Nkenke, Cornelius von Wilmowsky","A new standardized critical size bone defect model in the pig forehead for comparative testing of bone regeneration materials","2020","Clinical oral investigations","","10.1007/s00784-019-03020-w","Journal Article","The preclinical study aimed to establish a standardized preclinical model to investigate osseous graft consolidation in defect configurations of limited regenerative capacity. Critical size defects (CSD) were prepared and titanium tubes inserted for defect separation from local bone in the forehead area of 18 pigs. Defects were filled with demineralized bovine bone mineral (DBBM) or served as empty controls and were covered with a resorbable collagen membrane (CM) or left untreated. Six randomly selected pigs were sacrificed after 4, 8 and 12 weeks. Specimens were histologically and histomorphometrically analysed focusing on newly formed bone (NFB), demineralized bovine bone mineral (DBBM) and soft tissue (ST) proportions. Four weeks after defect preparation, no statistically significant difference concerning NFB quantity could be detected within the groups. Defects covered with the CM showed lower amounts of DBBM. After 6 and 12 weeks, defects augmented with DBBM in combination with a CM (8 weeks: 43.12 ± 4.31; 12 weeks: 43.05 ± 3.01) showed a statistically significant higher NFB rate compared to empty control defects covered with 8 weeks: 7.66 ± 0.59; 12 weeks or without a CM; 8 weeks: 8.62 ± 2.66; 12 weeks: 18.40 ± 2.40. CM application showed no significant impact on osseous defect regeneration or soft tissue formation. Superior NFB could be detected for basal aspect for several evaluation time points. The modification of CSD with titanium tubes represents a suitable model to imitate a one-wall defect regeneration situation. The established model represents a promising method to evaluate graft consolidation in one-wall defect configuration.","","Ya","0.00","1436-3771","24","5"
"34","0","Seiko Min, Taewan Kim, Oksu Kim, Carames Goncalo, Tadahiko Utsunomiya, Takashi Matsumoto, Kayo Kuyama, Nikola Angelov","Functionalized Scaffold and Barrier Membrane with Anti-BMP-2 Monoclonal Antibodies for Alveolar Ridge Preservation in a Canine Model","2020","BioMed research international","","10.1155/2020/6153724","Journal Article","The aim of this study was to investigate the ability of anti-bone morphogenetic protein 2 monoclonal antibody (anti-BMP-2 mAb) to functionalize scaffolds to mediate bone regeneration in a canine model. The mandibular right premolar 4 (PM4) was extracted in eight beagle dogs and grafted with anti-BMP-2 mAb+anorganic bovine bone mineral with 10% collagen (ABBM-C) and porcine bilayer native collagen membrane (CM). The ABBM-C and CM were functionalized with either anti-BMP-2 mAb (test group) or an isotype matched control mAb (control group). Animals were euthanized at 12 weeks for radiographic, histologic, and histomorphometric analyses. Outcomes were compared between groups. 3D imaging using cone beam computed tomography (CBCT) revealed that sites treated with ABBM-C and CM functionalized with anti-BMP-2 mAb exhibited significantly more remaining bone width near the alveolar crest, as well as buccal bone height, compared with control groups. Histologic and histomorphometric analyses demonstrated that in anti-BMP-2 mAb-treated sites, total tissue volume was significantly higher in the coronal part of the alveolar bone crest compared with control sites. In anti-BMP-2 mAb-treated sites, bone formation was observed under the barrier membrane. Functionalization of the ABBM-C scaffold and CM appeared to have led to bone formation within healing alveolar bone sockets.","","Ya","0.00","2314-6141","2020",""
"35","0","Yevgeny Sheftel, Frances Ruddiman, Patrick Schmidlin, Warwick Duncan","Biphasic calcium phosphate and polymer-coated bovine bone matrix for sinus grafting in an animal model","2020","Journal of biomedical materials research. Part B, Applied biomaterials","","10.1002/jbm.b.34429","Journal Article","Autogenous bone grafting requires a donor site and may lose substantial volume during remodeling. Several bone replacement materials (BRMs) are under development to overcome these limitations, especially for indications for minimally intervention surgeries. The objective of our study was to assess the potential of an equine collagen cone reinforced with biphasic calcium phosphate (CC-BCP) particles and deproteinized bovine bone matrix (BBM) coated with polylactic acid, and poly-ε-caprolactone copolymer (BBM-PCC) and then to compare the outcomes with a deproteinized BBM and an equine CC without a filler in a sheep sinus grafting model in the Elleven female sheep were selected. Two experimental sites on each side of the animals were prepared using an extraoral approach for maxillary sinus wall. The four treatments were performed in each animal through a standardized 10-mm access window. While the BBM access was covered with a collagen membrane, all other sites were closed with an equine collagen membrane. All animals were euthanized after 16 weeks. New bone (NB), residual graft particles, and connective tissue were measured in undemineralized resin-embedded sections. As a result, one sheep did not survive the surgery. All sites in the remaining 10 sheep healed uneventfully. All CC and BBM-PCC grafts resorbed and failed to augment the sinuses. BBM and CC-BCP, in contrast, showed some histologic evidence of NB and surgical site augmentation. The NB fraction in the latter two groups accounted for 10 ± 9 and 4 ± 5%, respectively (p > 0.05). In conclusion, BBM-PCC and collagen cone performed poorly for sinus floor augmentation, while deproteinised BBM and reinforced collagen cone demonstrated comparable outcomes.","","Parsial","0.00","1552-4981","108","3"
